Tiempo (s), T1 (C), T2 (C), PWM_Heater1, PWM_Heater2
0.01, 24.93, 23.95, 0, 0
1.04, 24.93, 24.44, 0, 0
2.04, 24.93, 24.93, 0, 0
3.04, 24.93, 23.95, 0, 0
4.04, 24.93, 23.46, 0, 0
5.04, 24.93, 22.97, 0, 0
6.05, 24.44, 24.44, 0, 0
7.05, 24.44, 23.95, 0, 0
8.05, 24.93, 24.44, 0, 0
9.05, 24.93, 23.95, 0, 0
10.05, 24.44, 24.44, 102, 0
11.06, 24.93, 24.44, 102, 0
12.06, 24.93, 25.42, 102, 0
13.06, 24.93, 24.44, 102, 0
14.06, 24.93, 23.95, 102, 0
15.06, 24.93, 23.95, 102, 0
16.06, 24.93, 23.95, 102, 0
17.06, 25.42, 23.95, 102, 0
18.07, 25.42, 23.46, 102, 0
19.07, 24.93, 23.95, 102, 0
20.07, 25.42, 23.95, 102, 0
21.07, 25.90, 24.44, 102, 0
22.07, 25.90, 24.44, 102, 0
23.08, 26.88, 24.44, 102, 0
24.08, 26.39, 23.95, 102, 0
25.08, 26.39, 23.95, 102, 0
26.08, 26.39, 23.95, 102, 0
27.08, 26.39, 23.95, 102, 0
28.09, 26.88, 23.95, 102, 0
29.09, 26.88, 23.95, 102, 0
30.09, 27.37, 23.95, 102, 0
31.09, 27.37, 24.44, 102, 0
32.09, 27.86, 23.95, 102, 0
33.09, 27.86, 25.42, 102, 0
34.10, 27.86, 24.44, 102, 0
35.10, 28.35, 23.95, 102, 0
36.10, 28.35, 23.95, 102, 0
37.10, 28.35, 23.95, 102, 0
38.10, 28.84, 23.95, 102, 0
39.11, 28.84, 23.46, 102, 0
40.11, 28.84, 23.95, 102, 0
41.11, 29.33, 24.44, 102, 0
42.11, 29.81, 24.44, 102, 0
43.11, 29.81, 24.93, 102, 0
44.11, 30.30, 24.44, 102, 0
45.12, 30.30, 23.95, 102, 0
46.12, 30.30, 23.95, 102, 0
47.12, 30.79, 23.95, 102, 0
48.12, 30.79, 23.95, 102, 0
49.12, 30.79, 23.46, 102, 0
50.13, 31.28, 23.95, 102, 0
51.13, 31.28, 23.95, 102, 0
52.13, 31.77, 23.95, 102, 0
53.13, 31.77, 24.93, 102, 0
54.13, 32.26, 23.95, 102, 0
55.13, 32.26, 23.95, 102, 0
56.14, 32.26, 23.95, 102, 0
57.14, 32.75, 23.95, 102, 0
58.14, 32.75, 23.95, 102, 0
59.14, 32.75, 23.46, 102, 0
60.14, 32.75, 23.95, 102, 0
61.15, 33.72, 23.95, 102, 0
62.15, 33.72, 23.95, 102, 0
63.15, 34.21, 24.93, 102, 0
64.15, 34.21, 23.95, 102, 0
65.15, 34.21, 23.95, 102, 0
66.15, 34.21, 23.95, 102, 0
67.16, 34.70, 23.95, 102, 0
68.16, 34.70, 23.95, 102, 0
69.16, 34.70, 23.46, 102, 0
70.16, 34.70, 23.95, 102, 0
71.16, 35.19, 23.95, 102, 0
72.17, 35.68, 23.95, 102, 0
73.17, 35.68, 24.93, 102, 0
74.17, 36.17, 23.95, 102, 0
75.17, 36.17, 23.95, 102, 0
76.17, 36.17, 24.44, 102, 0
77.18, 36.17, 23.95, 102, 0
78.18, 36.17, 23.95, 102, 0
79.18, 36.66, 22.97, 102, 0
80.18, 36.66, 23.95, 102, 0
81.18, 37.15, 23.95, 102, 0
82.18, 37.63, 24.44, 102, 0
83.19, 37.15, 24.93, 102, 0
84.19, 37.63, 23.95, 102, 0
85.19, 37.63, 23.95, 102, 0
86.19, 38.12, 23.95, 102, 0
87.19, 38.12, 23.95, 102, 0
88.20, 38.12, 23.95, 102, 0
89.20, 38.12, 22.97, 102, 0
90.20, 38.12, 23.95, 102, 0
91.20, 38.61, 23.95, 102, 0
92.20, 39.10, 23.95, 102, 0
93.20, 39.10, 24.93, 102, 0
94.21, 39.59, 23.95, 102, 0
95.21, 39.59, 23.95, 102, 0
96.21, 39.59, 23.95, 102, 0
97.21, 39.59, 23.95, 102, 0
98.21, 39.59, 23.95, 102, 0
99.22, 40.08, 22.97, 102, 0
100.22, 40.08, 23.95, 102, 0
101.22, 40.57, 23.95, 102, 0
102.22, 41.06, 23.95, 102, 0
103.22, 42.03, 23.95, 102, 0
104.22, 41.06, 24.44, 102, 0
105.23, 41.06, 23.95, 102, 0
106.23, 41.06, 23.95, 102, 0
107.23, 41.06, 23.95, 102, 0
108.23, 40.08, 23.95, 102, 0
109.23, 41.54, 23.95, 102, 0
110.24, 42.03, 23.95, 102, 0
111.24, 42.03, 24.44, 102, 0
112.24, 42.03, 23.95, 102, 0
113.24, 42.03, 23.95, 102, 0
114.24, 42.03, 23.95, 102, 0
115.25, 42.52, 23.95, 102, 0
116.25, 42.52, 23.95, 102, 0
117.25, 43.01, 24.44, 102, 0
118.25, 43.01, 23.95, 102, 0
119.25, 43.50, 24.93, 102, 0
120.26, 43.50, 23.95, 102, 0
121.26, 43.01, 23.95, 102, 0
122.26, 43.50, 23.95, 102, 0
123.26, 43.50, 23.95, 102, 0
124.26, 43.50, 23.46, 102, 0
125.26, 43.50, 23.95, 102, 0
126.27, 43.99, 24.44, 102, 0
127.27, 44.48, 24.44, 102, 0
128.27, 44.48, 24.44, 102, 0
129.27, 44.48, 23.95, 102, 0
130.27, 44.48, 23.95, 102, 0
131.28, 44.48, 23.95, 102, 0
132.28, 44.48, 23.95, 102, 0
133.28, 44.97, 23.95, 102, 0
134.28, 44.97, 23.95, 102, 0
135.28, 45.45, 41.06, 102, 0
136.29, 46.43, 33.24, 102, 0
137.29, 45.45, 31.77, 102, 0
138.29, 45.45, 30.79, 102, 0
139.29, 45.45, 31.77, 102, 0
140.29, 45.94, 32.75, 102, 0
141.30, 44.97, 33.24, 102, 0
142.30, 46.43, 32.75, 102, 0
143.30, 46.43, 32.26, 102, 0
144.30, 46.43, 32.26, 102, 0
145.30, 46.43, 32.75, 102, 0
146.30, 46.43, 32.26, 102, 0
147.31, 46.43, 33.72, 102, 0
148.31, 46.43, 32.26, 102, 0
149.31, 46.92, 31.28, 102, 0
150.31, 46.92, 31.28, 102, 0
151.31, 47.41, 32.26, 102, 0
152.32, 47.41, 34.70, 102, 0
153.32, 47.41, 33.72, 102, 0
154.32, 47.41, 32.75, 102, 0
155.32, 47.41, 32.26, 102, 0
156.32, 47.41, 31.28, 102, 0
157.33, 46.92, 31.77, 102, 0
158.33, 47.90, 33.24, 102, 0
159.33, 47.90, 33.72, 102, 0
160.33, 48.39, 33.72, 102, 0
161.33, 48.39, 31.77, 102, 0
162.34, 47.90, 32.26, 102, 0
163.34, 48.39, 32.75, 102, 0
164.34, 48.39, 34.21, 102, 0
165.34, 48.88, 31.77, 102, 0
166.34, 48.88, 31.77, 102, 0
167.35, 48.88, 33.24, 102, 0
168.35, 48.88, 34.70, 102, 0
169.35, 49.36, 35.19, 102, 0
170.35, 48.88, 33.24, 102, 0
171.35, 48.88, 32.75, 102, 0
172.35, 48.88, 32.26, 102, 0
173.36, 49.36, 31.77, 102, 0
174.36, 49.36, 33.24, 102, 0
175.36, 49.85, 33.72, 102, 0
176.36, 50.34, 34.21, 102, 0
177.36, 50.34, 33.24, 102, 0
178.37, 49.85, 33.24, 102, 0
179.37, 49.85, 32.75, 102, 0
180.37, 49.85, 33.72, 102, 0
181.37, 50.34, 33.24, 102, 0
182.37, 50.34, 34.70, 102, 0
183.37, 50.83, 33.72, 102, 0
184.38, 50.83, 33.72, 102, 0
185.38, 50.83, 33.24, 102, 0
186.38, 50.83, 33.72, 102, 0
187.38, 50.34, 34.21, 102, 0
188.38, 50.83, 35.68, 102, 0
189.39, 50.83, 34.21, 102, 0
190.39, 50.83, 33.24, 102, 0
191.39, 51.32, 33.72, 102, 0
192.39, 51.81, 32.75, 102, 0
193.39, 52.30, 34.70, 102, 0
194.40, 51.32, 34.21, 102, 0
195.40, 51.32, 34.21, 102, 0
196.40, 51.32, 35.68, 102, 0
197.40, 51.32, 34.70, 102, 0
198.40, 50.83, 33.24, 102, 0
199.41, 51.81, 34.21, 102, 0
200.41, 52.30, 33.24, 102, 0
201.41, 52.30, 34.70, 102, 0
202.41, 52.30, 34.21, 102, 0
203.41, 52.30, 34.70, 102, 0
204.41, 51.81, 36.17, 102, 0
205.42, 52.30, 34.70, 102, 0
206.42, 51.81, 33.24, 102, 0
207.42, 52.30, 34.70, 102, 0
208.42, 52.79, 33.72, 102, 0
209.42, 52.79, 36.17, 102, 0
210.43, 52.79, 35.19, 102, 0
211.43, 52.79, 35.68, 102, 0
212.43, 52.79, 34.21, 102, 0
213.43, 52.79, 34.21, 102, 0
214.43, 52.79, 33.24, 102, 0
215.44, 53.27, 34.70, 102, 0
216.44, 53.27, 36.17, 102, 0
217.44, 53.27, 35.68, 102, 0
218.44, 53.27, 34.21, 102, 0
219.44, 53.27, 33.72, 102, 0
220.45, 53.27, 35.19, 102, 0
221.45, 53.27, 35.19, 102, 0
222.45, 53.27, 35.19, 102, 0
223.45, 53.76, 34.70, 102, 0
224.45, 53.76, 34.21, 102, 0
225.46, 53.76, 33.72, 102, 0
226.46, 54.25, 35.68, 102, 0
227.46, 53.76, 35.19, 102, 0
228.46, 53.76, 35.68, 102, 0
229.46, 53.76, 35.19, 102, 0
230.46, 53.76, 34.70, 102, 0
231.47, 53.76, 33.72, 102, 0
232.47, 54.25, 35.19, 102, 0
233.47, 54.74, 35.19, 102, 0
234.47, 55.23, 35.68, 102, 0
235.47, 54.25, 36.17, 102, 0
236.48, 54.25, 34.70, 102, 0
237.48, 54.25, 34.70, 102, 0
238.48, 54.25, 33.72, 102, 0
239.48, 54.25, 34.21, 102, 0
240.48, 54.74, 35.19, 102, 0
241.48, 55.23, 35.68, 102, 0
242.49, 55.72, 36.17, 102, 0
243.49, 54.74, 35.68, 102, 0
244.49, 54.74, 35.19, 102, 0
245.49, 54.74, 35.19, 102, 0
246.49, 54.74, 35.19, 102, 0
247.50, 54.25, 33.24, 102, 0
248.50, 55.23, 35.19, 102, 0
249.50, 55.23, 35.68, 102, 0
250.50, 55.72, 36.66, 102, 0
251.50, 55.23, 36.66, 102, 0
252.51, 55.23, 35.19, 102, 0
253.51, 55.23, 35.19, 102, 0
254.51, 55.23, 35.68, 102, 0
255.51, 55.23, 33.24, 102, 0
256.51, 55.72, 35.68, 102, 0
257.52, 55.72, 36.17, 102, 0
258.52, 56.21, 38.61, 102, 0
259.52, 56.21, 36.17, 102, 0
260.52, 55.72, 35.68, 102, 0
261.52, 55.72, 34.70, 102, 0
262.52, 55.72, 35.68, 102, 0
263.53, 55.72, 34.70, 102, 0
264.53, 56.21, 36.66, 102, 0
265.53, 56.21, 35.68, 102, 0
266.53, 56.21, 35.68, 102, 0
267.53, 56.21, 35.68, 102, 0
268.54, 56.21, 36.17, 102, 0
269.54, 56.21, 36.66, 102, 0
270.54, 56.21, 35.68, 102, 0
271.54, 56.21, 34.21, 102, 0
272.54, 56.70, 35.68, 102, 0
273.55, 56.70, 36.66, 102, 0
274.55, 56.70, 38.61, 102, 0
275.55, 56.70, 36.17, 102, 0
276.55, 56.21, 35.68, 102, 0
277.55, 56.70, 34.70, 102, 0
278.55, 56.70, 36.17, 102, 0
279.56, 56.70, 35.68, 102, 0
280.56, 56.70, 37.63, 102, 0
281.56, 57.18, 36.17, 102, 0
282.56, 57.18, 36.17, 102, 0
283.56, 57.18, 35.68, 102, 0
284.57, 56.70, 36.66, 102, 0
285.57, 56.70, 36.66, 102, 0
286.57, 57.18, 37.15, 102, 0
287.57, 56.70, 36.17, 102, 0
288.57, 57.18, 35.68, 102, 0
289.58, 57.18, 35.68, 102, 0
290.58, 57.18, 36.66, 102, 0
291.58, 58.16, 37.15, 102, 0
292.58, 57.18, 37.63, 102, 0
293.58, 57.18, 36.66, 102, 0
294.58, 57.18, 36.66, 102, 0
295.59, 57.18, 36.17, 102, 0
296.59, 57.18, 35.19, 102, 0
297.59, 57.67, 36.66, 102, 0
298.59, 57.67, 37.15, 102, 0
299.59, 58.65, 37.63, 102, 0
300.60, 57.67, 38.12, 102, 0
301.60, 57.67, 37.63, 102, 0
302.60, 57.67, 36.66, 102, 0
303.60, 57.67, 36.17, 102, 0
304.60, 56.70, 34.70, 102, 0
305.61, 58.16, 35.68, 102, 0
306.61, 58.16, 37.15, 102, 0
307.61, 58.16, 38.12, 102, 0
308.61, 58.16, 37.63, 102, 0
309.61, 58.16, 38.12, 102, 0
310.61, 57.67, 36.66, 102, 0
311.62, 58.16, 36.66, 102, 0
312.62, 57.18, 34.70, 102, 0
313.62, 58.65, 36.66, 102, 0
314.62, 58.65, 37.63, 102, 0
315.62, 58.65, 38.61, 102, 0
316.63, 58.16, 38.12, 102, 0
317.63, 58.16, 37.63, 102, 0
318.63, 58.16, 36.66, 102, 0
319.63, 58.16, 36.66, 102, 0
320.63, 57.67, 35.19, 102, 0
321.64, 58.65, 37.15, 102, 0
322.64, 58.65, 37.63, 102, 0
323.64, 59.14, 41.06, 102, 0
324.64, 59.14, 38.12, 102, 0
325.64, 58.65, 37.15, 102, 0
326.64, 58.65, 37.63, 102, 0
327.65, 58.65, 35.68, 102, 0
328.65, 58.65, 35.68, 102, 0
329.65, 59.14, 37.63, 102, 0
330.65, 59.14, 37.63, 102, 0
331.66, 59.14, 39.59, 102, 0
332.66, 59.14, 37.15, 102, 0
333.66, 59.14, 37.15, 102, 0
334.66, 58.65, 37.15, 102, 0
335.66, 58.65, 35.68, 102, 0
336.66, 58.65, 35.68, 102, 0
337.67, 59.14, 38.12, 102, 0
338.67, 59.63, 37.63, 102, 0
339.67, 59.63, 41.06, 102, 0
340.67, 59.63, 38.12, 102, 0
341.67, 59.14, 37.63, 102, 0
342.68, 59.14, 37.15, 102, 0
343.68, 59.14, 35.68, 102, 0
344.68, 58.65, 35.68, 102, 0
345.68, 59.63, 38.12, 102, 0
346.68, 59.63, 38.12, 102, 0
347.69, 60.12, 39.59, 102, 0
348.69, 59.63, 37.63, 102, 0
349.69, 59.63, 37.63, 102, 0
350.69, 59.63, 36.17, 102, 0
351.69, 59.63, 37.63, 102, 0
352.70, 59.63, 36.17, 102, 0
353.70, 60.12, 38.61, 102, 0
354.70, 60.12, 38.61, 102, 0
355.70, 60.12, 38.61, 102, 0
356.70, 60.12, 37.63, 102, 0
357.70, 59.63, 37.15, 102, 0
358.71, 59.63, 38.12, 102, 0
359.71, 59.63, 39.10, 102, 0
360.71, 60.12, 36.66, 102, 0
361.71, 60.12, 37.63, 102, 0
362.71, 60.12, 37.15, 102, 0
363.72, 60.12, 38.61, 102, 0
364.72, 60.12, 39.10, 102, 0
365.72, 60.12, 37.63, 102, 0
366.72, 60.12, 37.15, 102, 0
367.72, 59.63, 36.66, 102, 0
368.72, 60.12, 36.66, 102, 0
369.73, 60.12, 39.59, 102, 0
370.73, 60.61, 38.61, 102, 0
371.73, 60.61, 38.61, 102, 0
372.73, 60.12, 36.66, 102, 0
373.73, 60.12, 37.63, 102, 0
374.74, 60.12, 38.12, 102, 0
375.74, 60.12, 39.59, 102, 0
376.74, 60.12, 36.66, 102, 0
377.74, 60.61, 37.63, 102, 0
378.74, 60.61, 36.66, 102, 0
379.75, 61.09, 38.12, 102, 0
380.75, 60.61, 38.61, 102, 0
381.75, 60.12, 39.59, 102, 0
382.75, 60.61, 37.63, 102, 0
383.75, 60.61, 37.15, 102, 0
384.76, 60.61, 35.19, 102, 0
385.76, 60.61, 38.61, 102, 0
386.76, 60.61, 39.59, 102, 0
387.76, 60.61, 38.61, 102, 0
388.76, 61.09, 37.63, 102, 0
389.77, 60.61, 37.15, 102, 0
390.77, 60.61, 38.12, 102, 0
391.77, 60.61, 38.12, 102, 0
392.77, 60.61, 36.66, 102, 0
393.77, 60.61, 37.63, 102, 0
394.77, 61.09, 36.66, 102, 0
395.78, 61.09, 38.61, 102, 0
396.78, 61.09, 38.61, 102, 0
397.78, 61.09, 38.61, 102, 0
398.78, 61.09, 38.12, 102, 0
399.78, 60.61, 36.66, 102, 0
400.79, 60.61, 37.15, 102, 0
401.79, 61.09, 38.12, 102, 0
402.79, 61.09, 39.10, 102, 0
403.79, 61.09, 38.12, 102, 0
404.79, 61.58, 37.63, 102, 0
405.79, 61.09, 37.15, 102, 0
406.80, 60.61, 38.12, 102, 0
407.80, 60.61, 38.12, 102, 0
408.80, 61.09, 39.10, 102, 0
409.80, 61.09, 37.63, 102, 0
410.80, 61.58, 38.12, 102, 0
411.81, 61.58, 37.63, 102, 0
412.81, 62.07, 39.59, 102, 0
413.81, 61.09, 38.61, 102, 0
414.81, 61.09, 39.59, 102, 0
415.81, 61.09, 38.12, 102, 0
416.82, 61.09, 38.12, 102, 0
417.82, 60.61, 36.66, 102, 0
418.82, 61.58, 38.61, 102, 0
419.82, 61.58, 39.59, 102, 0
420.82, 61.58, 40.08, 102, 0
421.83, 61.58, 38.12, 102, 0
422.83, 61.09, 37.15, 102, 0
423.83, 61.09, 38.12, 102, 0
424.83, 61.58, 38.61, 102, 0
425.83, 60.61, 37.15, 102, 0
426.83, 62.07, 38.61, 102, 0
427.84, 61.58, 38.12, 102, 0
428.84, 62.07, 38.12, 102, 0
429.84, 61.58, 38.12, 102, 0
430.84, 61.58, 38.61, 102, 0
431.84, 61.58, 39.10, 102, 0
432.85, 61.58, 38.61, 102, 0
433.85, 62.07, 36.66, 102, 0
434.85, 62.07, 38.12, 102, 0
435.85, 62.07, 37.15, 102, 0
436.85, 62.07, 38.12, 102, 0
437.86, 61.58, 38.61, 102, 0
438.86, 62.07, 38.61, 102, 0
439.86, 61.58, 39.59, 102, 0
440.86, 61.58, 39.10, 102, 0
441.86, 61.58, 37.15, 102, 0
442.86, 62.07, 38.12, 102, 0
443.87, 62.07, 36.66, 102, 0
444.87, 62.07, 38.61, 102, 0
445.87, 62.07, 39.10, 102, 0
446.87, 62.07, 38.61, 102, 0
447.88, 61.58, 39.59, 102, 0
448.88, 61.58, 38.61, 102, 0
449.88, 61.58, 37.63, 102, 0
450.88, 62.07, 36.66, 0, 0
451.88, 61.58, 37.63, 0, 0
452.88, 61.58, 38.61, 0, 0
453.89, 61.58, 38.61, 0, 0
454.89, 61.58, 39.10, 0, 0
455.89, 62.07, 38.61, 0, 0
456.89, 61.58, 38.12, 0, 0
457.89, 61.58, 38.12, 0, 0
458.89, 61.58, 37.15, 0, 0
459.90, 61.09, 38.61, 0, 0
460.90, 61.09, 38.12, 0, 0
461.90, 61.09, 39.10, 0, 0
462.90, 60.61, 38.12, 0, 0
463.90, 61.09, 37.63, 0, 0
464.91, 60.61, 37.63, 0, 0
465.91, 60.61, 37.15, 0, 0
466.91, 60.61, 38.12, 0, 0
467.91, 60.12, 38.12, 0, 0
468.91, 60.12, 38.61, 0, 0
469.91, 60.12, 37.15, 0, 0
470.92, 59.63, 37.15, 0, 0
471.92, 59.63, 36.17, 0, 0
472.92, 59.14, 37.15, 0, 0
473.92, 59.14, 37.63, 0, 0
474.92, 58.65, 38.61, 0, 0
475.92, 58.65, 37.15, 0, 0
476.93, 58.65, 36.66, 0, 0
477.93, 58.16, 35.68, 0, 0
478.93, 58.16, 36.17, 0, 0
479.93, 57.67, 36.66, 0, 0
480.93, 57.67, 37.15, 0, 0
481.94, 57.67, 37.63, 0, 0
482.94, 57.18, 36.66, 0, 0
483.94, 57.18, 36.17, 0, 0
484.94, 56.70, 35.68, 0, 0
485.94, 56.70, 36.66, 0, 0
486.95, 56.70, 37.15, 0, 0
487.95, 56.21, 37.15, 0, 0
488.95, 56.21, 36.17, 0, 0
489.95, 55.72, 35.68, 0, 0
490.95, 55.72, 35.19, 0, 0
491.95, 55.23, 36.17, 0, 0
492.96, 55.23, 36.17, 0, 0
493.96, 55.23, 37.63, 0, 0
494.96, 54.74, 36.17, 0, 0
495.96, 54.74, 35.68, 0, 0
496.96, 54.74, 35.19, 0, 0
497.97, 54.25, 34.70, 0, 0
498.97, 54.25, 35.68, 0, 0
499.97, 53.76, 35.68, 0, 0
500.97, 54.25, 36.66, 0, 0
501.97, 53.76, 35.19, 0, 0
502.97, 53.76, 35.19, 0, 0
503.98, 53.27, 35.19, 0, 0
504.98, 53.27, 34.21, 0, 0
505.98, 52.79, 35.19, 0, 0
506.98, 52.79, 35.19, 0, 0
507.98, 52.79, 36.17, 0, 0
508.98, 52.79, 34.70, 0, 0
509.99, 52.79, 34.70, 0, 0
510.99, 52.30, 34.21, 0, 0
511.99, 52.30, 34.70, 0, 0
512.99, 51.81, 36.17, 0, 0
513.99, 51.81, 34.70, 0, 0
515.00, 51.81, 34.70, 0, 0
516.00, 51.32, 33.24, 0, 0
517.00, 51.32, 35.19, 0, 0
518.00, 50.83, 34.70, 0, 0
519.00, 50.83, 35.19, 0, 0
520.00, 50.83, 34.21, 0, 0
521.01, 50.83, 32.26, 0, 0
522.01, 50.34, 34.21, 0, 0
523.01, 50.34, 34.70, 0, 0
524.01, 49.85, 35.19, 0, 0
525.01, 49.85, 34.21, 0, 0
526.02, 49.85, 32.75, 0, 0
527.02, 49.85, 34.21, 0, 0
528.02, 49.85, 30.79, 0, 0
529.02, 49.85, 51.81, 0, 0
530.02, 49.36, 46.43, 0, 0
531.02, 49.36, 37.63, 0, 0
532.03, 49.36, 18.08, 0, 0
533.03, 48.88, 25.42, 0, 0
534.03, 48.39, 37.15, 0, 0
535.03, 48.39, 52.30, 0, 0
536.03, 48.39, 43.99, 0, 0
537.03, 47.90, 30.79, 0, 0
538.04, 48.39, 18.08, 0, 0
539.04, 47.90, 25.90, 0, 0
540.04, 47.90, 36.17, 0, 0
541.04, 47.41, 51.81, 0, 0
542.04, 47.41, 43.99, 0, 0
543.05, 47.41, 37.15, 0, 0
544.05, 47.41, 18.08, 0, 0
545.05, 46.92, 22.97, 0, 0
546.05, 46.92, 30.30, 0, 0
547.05, 46.92, 47.41, 0, 0
548.05, 46.92, 46.92, 0, 0
549.06, 46.43, 38.61, 0, 0
550.06, 46.43, 22.48, 0, 0
551.06, 46.43, 21.02, 0, 0
552.06, 45.94, 30.30, 0, 0
553.06, 45.94, 48.39, 0, 0
554.07, 45.94, 45.45, 0, 0
555.07, 45.45, 36.66, 0, 0
556.07, 45.45, 19.06, 0, 0
557.07, 45.45, 22.97, 0, 0
558.07, 45.45, 30.30, 0, 0
559.08, 44.97, 49.85, 0, 0
560.08, 44.97, 43.99, 0, 0
561.08, 44.97, 35.68, 0, 0
562.08, 44.48, 17.11, 0, 0
563.08, 44.48, 24.44, 0, 0
564.08, 44.48, 32.26, 0, 0
565.09, 44.48, 49.85, 0, 0
566.09, 44.48, 41.06, 0, 0
567.09, 44.48, 27.86, 0, 0
568.09, 43.99, 17.60, 0, 0
569.09, 43.99, 25.90, 0, 0
570.09, 43.99, 41.06, 0, 0
571.10, 43.99, 40.57, 0, 0
572.10, 43.50, 40.08, 0, 0
573.10, 43.50, 32.26, 0, 0
574.10, 43.50, 23.46, 0, 0
575.10, 43.50, 33.24, 0, 0
576.10, 43.50, 34.21, 0, 0
577.11, 43.01, 38.61, 0, 0
578.11, 42.52, 31.77, 0, 0
579.11, 43.01, 30.30, 0, 0
580.11, 43.01, 27.86, 0, 0
581.11, 42.52, 33.24, 0, 0
582.12, 42.52, 40.08, 0, 0
583.12, 42.52, 34.70, 0, 0
584.12, 42.52, 30.79, 0, 0
585.12, 42.03, 21.99, 0, 0
586.12, 42.03, 31.77, 0, 0
587.13, 42.03, 33.72, 0, 0
588.13, 42.03, 44.48, 0, 0
589.13, 41.54, 35.68, 0, 0
590.13, 41.54, 29.81, 0, 0
591.13, 41.54, 18.08, 0, 0
592.13, 41.54, 29.33, 0, 0
593.14, 41.06, 34.70, 0, 0
594.14, 41.54, 45.45, 0, 0
595.14, 41.06, 37.15, 0, 0
596.14, 41.06, 31.28, 0, 0
597.14, 41.06, 20.04, 0, 0
598.15, 40.57, 21.99, 0, 0
599.15, 41.06, 29.33, 0, 0
600.15, 40.57, 37.15, 0, 0
601.15, 40.57, 46.92, 0, 0
602.15, 40.57, 37.63, 0, 0
603.15, 40.08, 32.26, 0, 0
604.16, 40.08, 24.93, 0, 0
605.16, 40.08, 15.64, 0, 0
606.16, 40.08, 21.51, 0, 0
607.16, 40.08, 27.37, 0, 0
608.16, 39.59, 32.26, 0, 0
609.16, 39.59, 43.99, 0, 0
610.17, 39.59, 43.99, 0, 0
611.17, 39.59, 36.17, 0, 0
612.17, 39.59, 31.28, 0, 0
613.17, 39.10, 18.57, 0, 0
614.17, 39.10, 17.11, 0, 0
615.18, 39.10, 25.90, 0, 0
616.18, 39.10, 31.28, 0, 0
617.18, 39.10, 43.99, 0, 0
618.18, 38.61, 41.54, 0, 0
619.18, 38.61, 33.72, 0, 0
620.18, 38.61, 29.33, 0, 0
621.19, 38.61, 17.60, 0, 0
622.19, 38.61, 16.13, 0, 0
623.19, 38.12, 24.93, 0, 0
624.19, 38.12, 30.79, 0, 0
625.19, 38.12, 32.75, 0, 0
626.20, 38.12, 44.97, 0, 0